524,5
524,4
524,3
524,2
524,1
524,0
523,5
523,4
523,3
523,2
523,1
523,0
522,5
522,4
522,3
522,2
522,1
522,0
521,5
521,4
521,3
521,2
521,1
521,0
520,6
516,6
520,5
520,4
520,3
520,2
520,1
520,0
519,4
519,3
519,2
519,1
519,0
510,4
518,5
518,4
518,3
518,2
518,1
518,0
517,4
517,3
517,2
517,1
517,0
509,4
516,5
516,4
516,3
516,2
516,1
516,0
515,5
515,4
515,3
515,2
515,1
515,0
508,4
514,5
514,4
514,3
514,2
514,1
514,0
513,5
513,4
513,3
513,2
513,1
513,0
507,4
512,5
512,4
512,3
512,2
512,1
512,0
500,5
511,3
511,2
511,1
511,0
510,3
510,2
510,1
510,0
509,3
509,2
509,1
509,0
508,3
508,2
508,1
508,0
507,3
507,2
507,1
507,0
506,3
506,2
506,1
506,0
505,3
505,2
505,1
505,0
504,3
504,2
504,1
504,0
503,5
503,4
503,3
503,2
503,1
503,0
502,4
502,3
502,2
502,1
502,0
501,3
501,2
501,1
501,0
500,4
500,3
500,2
500,1
500,0
499,3
499,2
499,1
499,0
498,5
498,4
498,3
498,2
498,1
498,0
497,5
497,4
497,3
497,2
497,1
497,0
490,4
496,5
496,4
496,3
496,2
496,1
496,0
495,5
495,4
495,3
495,2
495,1
495,0
489,4
494,5
494,4
494,3
494,2
494,1
494,0
482,5
493,3
493,2
493,1
493,0
492,3
492,2
492,1
492,0
491,3
491,2
491,1
491,0
490,3
490,2
490,1
490,0
489,3
489,2
489,1
489,0
488,3
488,2
488,1
488,0
487,3
487,2
487,1
487,0
2,14
486,3
486,2
486,1
486,0
485,5
485,4
485,3
485,2
485,1
485,0
484,4
484,3
484,2
484,1
484,0
483,3
483,2
483,1
483,0
482,4
482,3
482,2
482,1
482,0
481,3
481,2
481,1
481,0
132,5
132,4
132,3
132,2
132,1
132,0
131,4
131,3
131,2
131,1
131,0
130,5
130,4
130,3
130,2
130,1
130,0
128,3
128,2
128,1
128,0
126,3
126,2
126,1
126,0
125,3
125,2
125,1
125,0
124,5
124,4
124,3
124,2
124,1
124,0
123,3
123,2
123,1
123,0
122,3
122,2
122,1
122,0
121,4
121,3
121,2
121,1
121,0
120,3
120,2
120,1
120,0
119,3
119,2
119,1
119,0
118,3
118,2
118,1
118,0
96,4
96,3
96,2
96,1
96,0
80,5
80,4
80,3
80,2
80,1
80,0
79,5
79,4
79,3
79,2
79,1
79,0
78,5
78,4
78,3
78,2
78,1
78,0
77,4
77,3
77,2
77,1
77,0
76,5
76,4
76,3
76,2
76,1
76,0
75,4
75,3
75,2
75,1
75,0
74,5
74,4
74,3
74,2
74,1
74,0
71,3
71,2
71,1
71,0
69,5
69,4
69,3
69,2
69,1
69,0
68,3
68,2
68,1
68,0
67,4
67,3
67,2
67,1
67,0
57,3
57,2
57,1
57,0
38,3
38,2
38,1
38,0
37,5
37,4
37,3
37,2
37,1
37,0
36,4
36,3
36,2
36,1
36,0
35,3
35,2
35,1
35,0
33,4
33,3
33,2
33,1
33,0
32,3
32,2
32,1
32,0
31,3
31,2
31,1
31,0
30,4
30,3
30,2
30,1
30,0
29,3
29,2
29,1
29,0
28,3
28,2
28,1
28,0
27,3
27,2
27,1
27,0
18,4
18,3
18,2
18,1
18,0
17,5
17,4
17,3
17,2
17,1
17,0
16,3
16,2
16,1
16,0
15,4
15,3
15,2
15,1
15,0
12,3
12,2
12,1
12,0
4,3
4,2
4,1
4,0
3,6
3,5
3,4
3,3
3,2
3,1
3,0
2,13
2,12
2,10
2,9
2,8
2,7
2,5
2,3
2,2
2,1
2,0
1,3
1,2
1,1
1,0
0,319
0,318
0,316
0,243
0,9
0,0
0,1
133,0
133,1
133,3
133,4
149,0
149,1
149,3
150,1
150,2
150,4
152,0
152,2
153,0
153,1
153,3
153,4
154,1
154,2
154,4
155,0
155,1
155,3
155,4
156,1
156,3
158,0
158,2
158,3
160,1
160,2
161,0
161,2
161,3
162,0
162,1
162,3
162,5
163,0
163,2
163,3
165,1
165,2
166,0
166,2
166,3
168,1
168,2
168,4
169,1
169,2
178,0
178,1
178,3
178,5
178,6
179,1
179,2
179,4
179,5
183,0
183,2
183,3
184,0
184,1
184,3
185,1
185,2
185,4
185,5
185,7
186,0
186,2
187,0
187,1
187,3
187,4
188,1
188,3
189,0
189,2
189,3
190,0
190,1
190,3
190,5
192,0
192,2
192,3
199,1
199,3
199,4
201,0
201,1
201,3
202,0
202,1
202,3
203,0
203,2
203,3
210,0
210,2
210,3
212,1
212,2
213,0
213,2
213,3
214,0
214,1
214,3
214,4
215,0
215,2
215,3
217,1
217,2
217,4
229,1
229,2
229,4
252,0
252,2
252,3
252,5
256,1
256,2
256,4
257,0
257,2
257,4
258,0
258,2
258,3
259,0
259,1
259,3
260,1
260,2
261,0
261,1
261,3
262,1
262,2
263,0
263,1
263,3
264,1
264,2
265,0
265,1
265,3
265,4
267,0
267,2
267,3
268,1
268,2
269,0
269,2
269,3
270,0
270,1
270,3
270,4
270,6
324,1
324,2
324,4
325,0
325,2
325,4
327,0
327,2
327,3
329,0
329,1
329,3
330,0
330,1
330,3
332,0
332,2
399,0
399,1
399,3
400,0
400,2
400,4
400,5
416,1
416,2
418,0
418,1
418,3
419,1
419,2
419,4
420,0
420,2
420,4
420,5
421,1
421,2
422,0
422,1
422,3
422,5
423,0
423,2
423,3
431,1
431,3
440,0
440,2
440,3
440,5
441,0
441,2
441,4
441,5
442,1
442,2
444,0
444,2
444,3
444,5
447,0
447,2
447,3
447,5
448,1
448,2
449,0
449,1
449,3
451,1
451,2
452,0
452,1
452,3
453,0
453,1
453,3
453,4
454,0
454,1
454,3
455,1
455,2
456,0
456,1
456,3
457,1
457,2
462,0
462,1
462,3
463,0
463,2
463,4
463,5
476,1
476,2
476,4
477,0
477,1
477,3
477,4
479,0
479,1
479,3
479,5
479,6
480,1
480,2
480,4
480,5
480,3
480,0
479,4
479,2
477,5
477,2
476,5
476,3
476,0
463,3
463,1
462,2
457,3
457,0
456,2
455,3
455,0
454,2
453,5
453,2
452,4
452,2
451,3
451,0
449,2
448,3
448,0
447,4
447,1
444,4
444,1
442,3
442,0
441,3
441,1
440,4
440,1
431,2
431,0
423,1
422,4
422,2
421,3
421,0
420,3
420,1
419,3
419,0
418,2
416,3
416,0
400,3
400,1
399,2
332,3
332,1
330,2
329,4
329,2
327,4
327,1
325,3
325,1
324,3
324,0
270,5
270,2
269,4
269,1
268,3
268,0
267,1
265,5
265,2
264,3
264,0
263,2
262,3
262,0
261,2
260,3
260,0
259,2
258,4
258,1
257,3
257,1
256,3
256,0
252,4
252,1
229,3
229,0
217,3
217,0
215,1
214,5
214,2
213,4
213,1
212,3
212,0
210,1
203,4
203,1
202,2
201,4
201,2
199,5
199,2
199,0
192,1
190,4
190,2
189,4
189,1
188,2
188,0
187,2
186,3
186,1
185,6
185,3
185,0
184,2
183,4
183,1
179,6
179,3
179,0
178,4
178,2
169,3
169,0
168,3
168,0
166,1
165,3
165,0
163,1
162,4
162,2
161,4
161,1
160,3
160,0
158,1
156,2
156,0
155,2
154,5
154,3
154,0
153,2
152,3
152,1
150,3
150,0
149,2
133,5
133,2
0,328
0,300
0,299
0,298
0,297
0,296
0,295
0,294
0,293
0,292
0,291
0,290
0,289
0,288
0,287
0,286
0,285
0,284
0,283
0,282
0,281
0,280
0,279
0,278
0,277
0,276
0,275
0,274
0,273
0,272
0,271
0,270
0,269
0,268
0,267
0,266
0,265
0,264
0,263
0,262
0,261
0,260
0,259
0,258
0,257
0,256
0,255
0,254
0,253
0,252
0,251
0,250
0,249
0,248
0,247
0,246
0,245
0,244
0,242
0,241
0,240
0,239
0,238
0,237
0,236
0,235
0,234
0,233
0,232
0,231
0,230
0,229
0,228
0,227
0,226
0,225
0,224
0,223
0,222
0,221
0,220
0,219
0,218
0,217
0,216
0,215
0,214
0,213
0,212
0,211
0,210
0,209
0,208
0,207
0,206
0,205
0,204
0,203
0,202
0,201
0,200
0,199
0,198
0,197
0,196
0,195
0,194
0,193
0,192
0,63
0,62
0,61
0,60
0,59
0,58
0,57
0,56
0,55
0,54
0,53
0,52
0,51
0,50
0,49
0,48
0,47
0,46
0,45
0,6
0,5
0,304
0,303
0,306
0,305
0,302
0,12
0,315
0,10
0,8
0,326
0,11
0,4
0,2
0,3
0,7
